{
 "cells": [
  {
   "cell_type": "code",
   "execution_count": 17,
   "metadata": {},
   "outputs": [
    {
     "name": "stdout",
     "output_type": "stream",
     "text": [
      "large amount threshold 50M:\n",
      "            amount            \n",
      "type           buy        sell\n",
      "code                          \n",
      "760            0.0  53743913.0\n",
      "300058         0.0  57872232.0\n",
      "300601         0.0  81734400.0\n",
      "300747         0.0  61478424.0\n",
      "300750  54740000.0         0.0\n",
      "ascending:\n",
      "            amount             amount_diff\n",
      "type           buy        sell            \n",
      "code                                      \n",
      "300601         0.0  81734400.0 -81734400.0\n",
      "300747         0.0  61478424.0 -61478424.0\n",
      "300058         0.0  57872232.0 -57872232.0\n",
      "600512         0.0  56204507.0 -56204507.0\n",
      "760            0.0  53743913.0 -53743913.0\n",
      "300750  54740000.0         0.0  54740000.0\n",
      "descending:\n",
      "            amount             amount_diff\n",
      "type           buy        sell            \n",
      "code                                      \n",
      "300750  54740000.0         0.0  54740000.0\n",
      "760            0.0  53743913.0 -53743913.0\n",
      "600512         0.0  56204507.0 -56204507.0\n",
      "300058         0.0  57872232.0 -57872232.0\n",
      "300747         0.0  61478424.0 -61478424.0\n",
      "300601         0.0  81734400.0 -81734400.0\n",
      "---------------\n",
      "large amount threshold 20M:\n",
      "          amount                    \n",
      "type         buy neutral        sell\n",
      "code                                \n",
      "63           0.0     0.0  51143715.0\n",
      "636          0.0     0.0  22296747.0\n",
      "651   21565421.0     0.0         0.0\n",
      "721          0.0     0.0  43484883.0\n",
      "725          0.0     0.0  65852575.0\n",
      "ascending:\n",
      "            amount                           amount_diff\n",
      "type           buy     neutral         sell             \n",
      "code                                                    \n",
      "300058         0.0         0.0  124619517.0 -124619517.0\n",
      "300747         0.0         0.0  105975576.0 -105975576.0\n",
      "735            0.0         0.0   86987358.0  -86987358.0\n",
      "725            0.0         0.0   65852575.0  -65852575.0\n",
      "300746         0.0  24596382.0   56905105.0  -56905105.0\n",
      "600512         0.0         0.0   56204507.0  -56204507.0\n",
      "300601  25945103.0         0.0   81734400.0  -55789297.0\n",
      "603693         0.0         0.0   51813940.0  -51813940.0\n",
      "63             0.0         0.0   51143715.0  -51143715.0\n",
      "600536         0.0         0.0   48392503.0  -48392503.0\n",
      "300750  54740000.0         0.0  100270380.0  -45530380.0\n",
      "300103         0.0         0.0   45124793.0  -45124793.0\n",
      "721            0.0         0.0   43484883.0  -43484883.0\n",
      "962            0.0         0.0   41887492.0  -41887492.0\n",
      "2007           0.0         0.0   40863600.0  -40863600.0\n",
      "760     62923628.0         0.0   97165436.0  -34241808.0\n",
      "601398         0.0         0.0   33119405.0  -33119405.0\n",
      "300038         0.0         0.0   32610240.0  -32610240.0\n",
      "603650         0.0         0.0   31291787.0  -31291787.0\n",
      "300122         0.0         0.0   29276181.0  -29276181.0\n",
      "2008           0.0         0.0   27733049.0  -27733049.0\n",
      "977            0.0         0.0   27128764.0  -27128764.0\n",
      "955            0.0         0.0   26557156.0  -26557156.0\n",
      "300096         0.0         0.0   25915710.0  -25915710.0\n",
      "600030         0.0         0.0   25776802.0  -25776802.0\n",
      "600519         0.0         0.0   24489030.0  -24489030.0\n",
      "636            0.0         0.0   22296747.0  -22296747.0\n",
      "932            0.0         0.0   21912852.0  -21912852.0\n",
      "600812         0.0         0.0   21632800.0  -21632800.0\n",
      "300059         0.0         0.0   21135275.0  -21135275.0\n",
      "600585         0.0         0.0   21048433.0  -21048433.0\n",
      "600309         0.0         0.0   20067701.0  -20067701.0\n",
      "2447    29167208.0         0.0   26589200.0    2578008.0\n",
      "2607    39407767.0         0.0   20625206.0   18782561.0\n",
      "766     20881720.0         0.0          0.0   20881720.0\n",
      "300090  20979895.0         0.0          0.0   20979895.0\n",
      "651     21565421.0         0.0          0.0   21565421.0\n",
      "300561  21897138.0         0.0          0.0   21897138.0\n",
      "300032  28202428.0         0.0          0.0   28202428.0\n",
      "2049    31032547.0         0.0          0.0   31032547.0\n",
      "descending:\n",
      "            amount                           amount_diff\n",
      "type           buy     neutral         sell             \n",
      "code                                                    \n",
      "2049    31032547.0         0.0          0.0   31032547.0\n",
      "300032  28202428.0         0.0          0.0   28202428.0\n",
      "300561  21897138.0         0.0          0.0   21897138.0\n",
      "651     21565421.0         0.0          0.0   21565421.0\n",
      "300090  20979895.0         0.0          0.0   20979895.0\n",
      "766     20881720.0         0.0          0.0   20881720.0\n",
      "2607    39407767.0         0.0   20625206.0   18782561.0\n",
      "2447    29167208.0         0.0   26589200.0    2578008.0\n",
      "600309         0.0         0.0   20067701.0  -20067701.0\n",
      "600585         0.0         0.0   21048433.0  -21048433.0\n",
      "300059         0.0         0.0   21135275.0  -21135275.0\n",
      "600812         0.0         0.0   21632800.0  -21632800.0\n",
      "932            0.0         0.0   21912852.0  -21912852.0\n",
      "636            0.0         0.0   22296747.0  -22296747.0\n",
      "600519         0.0         0.0   24489030.0  -24489030.0\n",
      "600030         0.0         0.0   25776802.0  -25776802.0\n",
      "300096         0.0         0.0   25915710.0  -25915710.0\n",
      "955            0.0         0.0   26557156.0  -26557156.0\n",
      "977            0.0         0.0   27128764.0  -27128764.0\n",
      "2008           0.0         0.0   27733049.0  -27733049.0\n",
      "300122         0.0         0.0   29276181.0  -29276181.0\n",
      "603650         0.0         0.0   31291787.0  -31291787.0\n",
      "300038         0.0         0.0   32610240.0  -32610240.0\n",
      "601398         0.0         0.0   33119405.0  -33119405.0\n",
      "760     62923628.0         0.0   97165436.0  -34241808.0\n",
      "2007           0.0         0.0   40863600.0  -40863600.0\n",
      "962            0.0         0.0   41887492.0  -41887492.0\n",
      "721            0.0         0.0   43484883.0  -43484883.0\n",
      "300103         0.0         0.0   45124793.0  -45124793.0\n",
      "300750  54740000.0         0.0  100270380.0  -45530380.0\n",
      "600536         0.0         0.0   48392503.0  -48392503.0\n",
      "63             0.0         0.0   51143715.0  -51143715.0\n",
      "603693         0.0         0.0   51813940.0  -51813940.0\n",
      "300601  25945103.0         0.0   81734400.0  -55789297.0\n",
      "600512         0.0         0.0   56204507.0  -56204507.0\n",
      "300746         0.0  24596382.0   56905105.0  -56905105.0\n",
      "725            0.0         0.0   65852575.0  -65852575.0\n",
      "735            0.0         0.0   86987358.0  -86987358.0\n",
      "300747         0.0         0.0  105975576.0 -105975576.0\n",
      "300058         0.0         0.0  124619517.0 -124619517.0\n",
      "---------------\n",
      "large amount threshold 880k:\n",
      "ascending:\n",
      "              amount                            amount_diff\n",
      "type             buy     neutral          sell             \n",
      "code                                                       \n",
      "601318  7.050789e+08  52931927.0  1.104556e+09 -399477495.0\n",
      "63      8.158584e+08  42120107.0  1.128842e+09 -312983575.0\n",
      "300059  3.062531e+08  13725985.0  5.821865e+08 -275933420.0\n",
      "977     2.129411e+08  14821986.0  4.297533e+08 -216812193.0\n",
      "725     4.633361e+08         0.0  6.715070e+08 -208170831.0\n",
      "333     4.724534e+08  17064124.0  6.741457e+08 -201692381.0\n",
      "600030  3.023386e+08  18490829.0  4.998945e+08 -197555851.0\n",
      "601398  2.218297e+08         0.0  4.138850e+08 -192055281.0\n",
      "300058  1.101554e+08   7855355.0  2.724961e+08 -162340700.0\n",
      "300747  2.185758e+08  44449377.0  3.803924e+08 -161816658.0\n",
      "300122  2.224823e+08  23718698.0  3.840761e+08 -161593799.0\n",
      "600887  1.546992e+08   1034766.0  3.044011e+08 -149701857.0\n",
      "600519  3.661269e+08  44659537.0  5.153996e+08 -149272722.0\n",
      "2008    8.200797e+07   4674028.0  2.279962e+08 -145988239.0\n",
      "2466    2.439450e+08  24906324.0  3.896593e+08 -145714262.0\n",
      "300036  8.025385e+07  17266535.0  2.244168e+08 -144162969.0\n",
      "830     1.407395e+08  12070662.0  2.820528e+08 -141313376.0\n",
      "2027    1.212156e+08   3721838.0  2.526641e+08 -131448502.0\n",
      "601288  1.792505e+08         0.0  3.091387e+08 -129888139.0\n",
      "858     2.792620e+08  21063007.0  4.049820e+08 -125719969.0\n",
      "600048  1.440564e+08  11891822.0  2.689980e+08 -124941625.0\n",
      "603993  2.207484e+08         0.0  3.373697e+08 -116621278.0\n",
      "300601  3.201754e+08  48381729.0  4.363852e+08 -116209802.0\n",
      "600585  3.465558e+08  21536804.0  4.597356e+08 -113179820.0\n",
      "600536  9.898287e+07  21713476.0  2.100989e+08 -111116011.0\n",
      "661     1.445958e+08   4142108.0  2.513205e+08 -106724691.0\n",
      "2460    7.313433e+07  13110281.0  1.797630e+08 -106628638.0\n",
      "603693  1.612237e+08  27633876.0  2.673302e+08 -106106515.0\n",
      "300032  1.168195e+08    944574.0  2.165525e+08  -99732958.0\n",
      "600596  1.281639e+08  11545368.0  2.274621e+08  -99298235.0\n",
      "...              ...         ...           ...          ...\n",
      "2143    5.326004e+07   2801152.0  2.765262e+07   25607420.0\n",
      "2142    6.040884e+07         0.0  3.441882e+07   25990019.0\n",
      "793     7.921477e+07   1004500.0  5.276148e+07   26453289.0\n",
      "300031  3.777800e+07         0.0  9.250504e+06   28527496.0\n",
      "600212  7.060213e+07  15833331.0  3.947996e+07   31122172.0\n",
      "601258  4.677933e+07         0.0  1.399400e+07   32785337.0\n",
      "2554    5.071719e+07         0.0  1.705834e+07   33658846.0\n",
      "600326  9.069745e+07   6445529.0  5.678997e+07   33907484.0\n",
      "766     4.113548e+07         0.0  6.703671e+06   34431807.0\n",
      "2622    5.325612e+07   1961591.0  1.852607e+07   34730054.0\n",
      "600106  3.953453e+07         0.0  2.577484e+06   36957048.0\n",
      "300337  4.816956e+07         0.0  1.111491e+07   37054644.0\n",
      "600165  8.216125e+07   2097872.0  4.263441e+07   39526841.0\n",
      "735     1.000120e+09  63649653.0  9.601427e+08   39977668.0\n",
      "300003  6.345852e+07   6397372.0  2.283126e+07   40627255.0\n",
      "600903  7.881325e+07   9021316.0  3.782462e+07   40988632.0\n",
      "300355  1.627775e+08   6437701.0  1.153235e+08   47454013.0\n",
      "2584    8.876347e+07   2318008.0  4.099646e+07   47767013.0\n",
      "2721    1.448273e+08    904209.0  9.599519e+07   48832081.0\n",
      "2664    7.315155e+07         0.0  1.320475e+07   59946802.0\n",
      "717     1.817112e+08   3581434.0  1.169303e+08   64780827.0\n",
      "839     1.316849e+08   1184500.0  5.408952e+07   77595364.0\n",
      "600221  2.285240e+08         0.0  1.493544e+08   79169590.0\n",
      "2618    1.844430e+08   8870661.0  1.005116e+08   83931490.0\n",
      "2699    1.120005e+08   5230624.0  2.699520e+07   85005264.0\n",
      "600309  5.787861e+08  48234079.0  4.871545e+08   91631616.0\n",
      "2607    3.565135e+08  20778271.0  2.589473e+08   97566200.0\n",
      "300266  1.728317e+08         0.0  7.203118e+07  100800482.0\n",
      "300090  2.083694e+08   8949699.0  9.333414e+07  115035237.0\n",
      "600516  6.172328e+08  22402247.0  4.213811e+08  195851764.0\n",
      "\n",
      "[2158 rows x 4 columns]\n",
      "descending:\n",
      "              amount                            amount_diff\n",
      "type             buy     neutral          sell             \n",
      "code                                                       \n",
      "600516  6.172328e+08  22402247.0  4.213811e+08  195851764.0\n",
      "300090  2.083694e+08   8949699.0  9.333414e+07  115035237.0\n",
      "300266  1.728317e+08         0.0  7.203118e+07  100800482.0\n",
      "2607    3.565135e+08  20778271.0  2.589473e+08   97566200.0\n",
      "600309  5.787861e+08  48234079.0  4.871545e+08   91631616.0\n",
      "2699    1.120005e+08   5230624.0  2.699520e+07   85005264.0\n",
      "2618    1.844430e+08   8870661.0  1.005116e+08   83931490.0\n",
      "600221  2.285240e+08         0.0  1.493544e+08   79169590.0\n",
      "839     1.316849e+08   1184500.0  5.408952e+07   77595364.0\n",
      "717     1.817112e+08   3581434.0  1.169303e+08   64780827.0\n",
      "2664    7.315155e+07         0.0  1.320475e+07   59946802.0\n",
      "2721    1.448273e+08    904209.0  9.599519e+07   48832081.0\n",
      "2584    8.876347e+07   2318008.0  4.099646e+07   47767013.0\n",
      "300355  1.627775e+08   6437701.0  1.153235e+08   47454013.0\n",
      "600903  7.881325e+07   9021316.0  3.782462e+07   40988632.0\n",
      "300003  6.345852e+07   6397372.0  2.283126e+07   40627255.0\n",
      "735     1.000120e+09  63649653.0  9.601427e+08   39977668.0\n",
      "600165  8.216125e+07   2097872.0  4.263441e+07   39526841.0\n",
      "300337  4.816956e+07         0.0  1.111491e+07   37054644.0\n",
      "600106  3.953453e+07         0.0  2.577484e+06   36957048.0\n",
      "2622    5.325612e+07   1961591.0  1.852607e+07   34730054.0\n",
      "766     4.113548e+07         0.0  6.703671e+06   34431807.0\n",
      "600326  9.069745e+07   6445529.0  5.678997e+07   33907484.0\n",
      "2554    5.071719e+07         0.0  1.705834e+07   33658846.0\n",
      "601258  4.677933e+07         0.0  1.399400e+07   32785337.0\n",
      "600212  7.060213e+07  15833331.0  3.947996e+07   31122172.0\n",
      "300031  3.777800e+07         0.0  9.250504e+06   28527496.0\n",
      "793     7.921477e+07   1004500.0  5.276148e+07   26453289.0\n",
      "2142    6.040884e+07         0.0  3.441882e+07   25990019.0\n",
      "2143    5.326004e+07   2801152.0  2.765262e+07   25607420.0\n",
      "...              ...         ...           ...          ...\n",
      "600596  1.281639e+08  11545368.0  2.274621e+08  -99298235.0\n",
      "300032  1.168195e+08    944574.0  2.165525e+08  -99732958.0\n",
      "603693  1.612237e+08  27633876.0  2.673302e+08 -106106515.0\n",
      "2460    7.313433e+07  13110281.0  1.797630e+08 -106628638.0\n",
      "661     1.445958e+08   4142108.0  2.513205e+08 -106724691.0\n",
      "600536  9.898287e+07  21713476.0  2.100989e+08 -111116011.0\n",
      "600585  3.465558e+08  21536804.0  4.597356e+08 -113179820.0\n",
      "300601  3.201754e+08  48381729.0  4.363852e+08 -116209802.0\n",
      "603993  2.207484e+08         0.0  3.373697e+08 -116621278.0\n",
      "600048  1.440564e+08  11891822.0  2.689980e+08 -124941625.0\n",
      "858     2.792620e+08  21063007.0  4.049820e+08 -125719969.0\n",
      "601288  1.792505e+08         0.0  3.091387e+08 -129888139.0\n",
      "2027    1.212156e+08   3721838.0  2.526641e+08 -131448502.0\n",
      "830     1.407395e+08  12070662.0  2.820528e+08 -141313376.0\n",
      "300036  8.025385e+07  17266535.0  2.244168e+08 -144162969.0\n",
      "2466    2.439450e+08  24906324.0  3.896593e+08 -145714262.0\n",
      "2008    8.200797e+07   4674028.0  2.279962e+08 -145988239.0\n",
      "600519  3.661269e+08  44659537.0  5.153996e+08 -149272722.0\n",
      "600887  1.546992e+08   1034766.0  3.044011e+08 -149701857.0\n",
      "300122  2.224823e+08  23718698.0  3.840761e+08 -161593799.0\n",
      "300747  2.185758e+08  44449377.0  3.803924e+08 -161816658.0\n",
      "300058  1.101554e+08   7855355.0  2.724961e+08 -162340700.0\n",
      "601398  2.218297e+08         0.0  4.138850e+08 -192055281.0\n",
      "600030  3.023386e+08  18490829.0  4.998945e+08 -197555851.0\n",
      "333     4.724534e+08  17064124.0  6.741457e+08 -201692381.0\n",
      "725     4.633361e+08         0.0  6.715070e+08 -208170831.0\n",
      "977     2.129411e+08  14821986.0  4.297533e+08 -216812193.0\n",
      "300059  3.062531e+08  13725985.0  5.821865e+08 -275933420.0\n",
      "63      8.158584e+08  42120107.0  1.128842e+09 -312983575.0\n",
      "601318  7.050789e+08  52931927.0  1.104556e+09 -399477495.0\n",
      "\n",
      "[2158 rows x 4 columns]\n",
      "---------------\n",
      "50M Warning!!!!!\n",
      "Empty DataFrame\n",
      "Columns: [(amount, buy), (amount, sell), (amount_diff, )]\n",
      "Index: []\n",
      "20M Warning!!!\n",
      "       amount                     amount_diff\n",
      "type      buy neutral        sell            \n",
      "code                                         \n",
      "300122    0.0     0.0  29276181.0 -29276181.0\n",
      "600030    0.0     0.0  25776802.0 -25776802.0\n",
      "880k Warning!\n",
      "             amount                           amount_diff\n",
      "type            buy     neutral         sell             \n",
      "code                                                     \n",
      "333     472453350.0  17064124.0  674145731.0 -201692381.0\n",
      "2294      2273112.0         0.0   14399604.0  -12126492.0\n",
      "300122  222482259.0  23718698.0  384076058.0 -161593799.0\n",
      "300236    1792954.0         0.0   21645646.0  -19852692.0\n",
      "600011    5460082.0         0.0   20182363.0  -14722281.0\n",
      "600023          0.0         0.0     972425.0    -972425.0\n",
      "600027   19005065.0         0.0    6014378.0   12990687.0\n",
      "600030  302338609.0  18490829.0  499894460.0 -197555851.0\n",
      "600115   41299195.0   1980074.0   69739239.0  -28440044.0\n",
      "600219    4885056.0         0.0    6465720.0   -1580664.0\n",
      "600256   43117098.0         0.0   38454515.0    4662583.0\n",
      "600276  130033652.0   4147333.0  220947160.0  -90913508.0\n",
      "600332   35043474.0    958903.0   71569563.0  -36526089.0\n",
      "600521   47661533.0   4922986.0   45020787.0    2640746.0\n",
      "600660    1021460.0         0.0   10100157.0   -9078697.0\n",
      "600890          0.0         0.0    1033645.0   -1033645.0\n",
      "600919   18460532.0         0.0   36090680.0  -17630148.0\n",
      "601006    9266517.0         0.0   17107425.0   -7840908.0\n",
      "601328   17759089.0         0.0   34576718.0  -16817629.0\n",
      "601333    8287207.0         0.0    6624639.0    1662568.0\n",
      "601628    2865023.0         0.0    3968468.0   -1103445.0\n",
      "601688   69726405.0   1464673.0  156374393.0  -86647988.0\n",
      "601919    5655306.0         0.0    7195636.0   -1540330.0\n",
      "603260   29797782.0   6676189.0   61639133.0  -31841351.0\n"
     ]
    },
    {
     "data": {
      "text/html": [
       "<div>\n",
       "<style>\n",
       "    .dataframe thead tr:only-child th {\n",
       "        text-align: right;\n",
       "    }\n",
       "\n",
       "    .dataframe thead th {\n",
       "        text-align: left;\n",
       "    }\n",
       "\n",
       "    .dataframe tbody tr th {\n",
       "        vertical-align: top;\n",
       "    }\n",
       "</style>\n",
       "<table border=\"1\" class=\"dataframe\">\n",
       "  <thead>\n",
       "    <tr style=\"text-align: right;\">\n",
       "      <th></th>\n",
       "      <th>time</th>\n",
       "      <th>price</th>\n",
       "      <th>volume</th>\n",
       "      <th>amount</th>\n",
       "      <th>type</th>\n",
       "      <th>code</th>\n",
       "      <th>day</th>\n",
       "      <th>large_amount_threshold</th>\n",
       "      <th>day_amount</th>\n",
       "      <th>amount_pct</th>\n",
       "    </tr>\n",
       "  </thead>\n",
       "  <tbody>\n",
       "    <tr>\n",
       "      <th>5540084</th>\n",
       "      <td>09:45:39</td>\n",
       "      <td>6.38</td>\n",
       "      <td>1632</td>\n",
       "      <td>1040974</td>\n",
       "      <td>sell</td>\n",
       "      <td>600919</td>\n",
       "      <td>2018-07-26</td>\n",
       "      <td>880000</td>\n",
       "      <td>178006059</td>\n",
       "      <td>0.005848</td>\n",
       "    </tr>\n",
       "    <tr>\n",
       "      <th>5540085</th>\n",
       "      <td>09:53:32</td>\n",
       "      <td>6.38</td>\n",
       "      <td>1919</td>\n",
       "      <td>1224080</td>\n",
       "      <td>sell</td>\n",
       "      <td>600919</td>\n",
       "      <td>2018-07-26</td>\n",
       "      <td>880000</td>\n",
       "      <td>178006059</td>\n",
       "      <td>0.006877</td>\n",
       "    </tr>\n",
       "    <tr>\n",
       "      <th>5540086</th>\n",
       "      <td>09:55:20</td>\n",
       "      <td>6.38</td>\n",
       "      <td>2003</td>\n",
       "      <td>1277914</td>\n",
       "      <td>sell</td>\n",
       "      <td>600919</td>\n",
       "      <td>2018-07-26</td>\n",
       "      <td>880000</td>\n",
       "      <td>178006059</td>\n",
       "      <td>0.007179</td>\n",
       "    </tr>\n",
       "    <tr>\n",
       "      <th>5540087</th>\n",
       "      <td>09:55:56</td>\n",
       "      <td>6.38</td>\n",
       "      <td>1420</td>\n",
       "      <td>905718</td>\n",
       "      <td>sell</td>\n",
       "      <td>600919</td>\n",
       "      <td>2018-07-26</td>\n",
       "      <td>880000</td>\n",
       "      <td>178006059</td>\n",
       "      <td>0.005088</td>\n",
       "    </tr>\n",
       "    <tr>\n",
       "      <th>5540088</th>\n",
       "      <td>10:09:58</td>\n",
       "      <td>6.38</td>\n",
       "      <td>2062</td>\n",
       "      <td>1315314</td>\n",
       "      <td>sell</td>\n",
       "      <td>600919</td>\n",
       "      <td>2018-07-26</td>\n",
       "      <td>880000</td>\n",
       "      <td>178006059</td>\n",
       "      <td>0.007389</td>\n",
       "    </tr>\n",
       "    <tr>\n",
       "      <th>5540089</th>\n",
       "      <td>10:23:49</td>\n",
       "      <td>6.37</td>\n",
       "      <td>2191</td>\n",
       "      <td>1395667</td>\n",
       "      <td>buy</td>\n",
       "      <td>600919</td>\n",
       "      <td>2018-07-26</td>\n",
       "      <td>880000</td>\n",
       "      <td>178006059</td>\n",
       "      <td>0.007841</td>\n",
       "    </tr>\n",
       "    <tr>\n",
       "      <th>5540090</th>\n",
       "      <td>10:28:19</td>\n",
       "      <td>6.38</td>\n",
       "      <td>1594</td>\n",
       "      <td>1016972</td>\n",
       "      <td>buy</td>\n",
       "      <td>600919</td>\n",
       "      <td>2018-07-26</td>\n",
       "      <td>880000</td>\n",
       "      <td>178006059</td>\n",
       "      <td>0.005713</td>\n",
       "    </tr>\n",
       "    <tr>\n",
       "      <th>5540091</th>\n",
       "      <td>10:35:26</td>\n",
       "      <td>6.37</td>\n",
       "      <td>1404</td>\n",
       "      <td>894348</td>\n",
       "      <td>sell</td>\n",
       "      <td>600919</td>\n",
       "      <td>2018-07-26</td>\n",
       "      <td>880000</td>\n",
       "      <td>178006059</td>\n",
       "      <td>0.005024</td>\n",
       "    </tr>\n",
       "    <tr>\n",
       "      <th>5540092</th>\n",
       "      <td>10:46:59</td>\n",
       "      <td>6.36</td>\n",
       "      <td>5001</td>\n",
       "      <td>3180636</td>\n",
       "      <td>sell</td>\n",
       "      <td>600919</td>\n",
       "      <td>2018-07-26</td>\n",
       "      <td>880000</td>\n",
       "      <td>178006059</td>\n",
       "      <td>0.017868</td>\n",
       "    </tr>\n",
       "    <tr>\n",
       "      <th>5540093</th>\n",
       "      <td>10:53:48</td>\n",
       "      <td>6.35</td>\n",
       "      <td>2749</td>\n",
       "      <td>1745247</td>\n",
       "      <td>sell</td>\n",
       "      <td>600919</td>\n",
       "      <td>2018-07-26</td>\n",
       "      <td>880000</td>\n",
       "      <td>178006059</td>\n",
       "      <td>0.009804</td>\n",
       "    </tr>\n",
       "    <tr>\n",
       "      <th>5540094</th>\n",
       "      <td>10:54:42</td>\n",
       "      <td>6.34</td>\n",
       "      <td>3783</td>\n",
       "      <td>2397966</td>\n",
       "      <td>sell</td>\n",
       "      <td>600919</td>\n",
       "      <td>2018-07-26</td>\n",
       "      <td>880000</td>\n",
       "      <td>178006059</td>\n",
       "      <td>0.013471</td>\n",
       "    </tr>\n",
       "    <tr>\n",
       "      <th>5540095</th>\n",
       "      <td>10:55:00</td>\n",
       "      <td>6.34</td>\n",
       "      <td>1637</td>\n",
       "      <td>1038314</td>\n",
       "      <td>buy</td>\n",
       "      <td>600919</td>\n",
       "      <td>2018-07-26</td>\n",
       "      <td>880000</td>\n",
       "      <td>178006059</td>\n",
       "      <td>0.005833</td>\n",
       "    </tr>\n",
       "    <tr>\n",
       "      <th>5540096</th>\n",
       "      <td>11:13:24</td>\n",
       "      <td>6.35</td>\n",
       "      <td>4417</td>\n",
       "      <td>2804795</td>\n",
       "      <td>sell</td>\n",
       "      <td>600919</td>\n",
       "      <td>2018-07-26</td>\n",
       "      <td>880000</td>\n",
       "      <td>178006059</td>\n",
       "      <td>0.015757</td>\n",
       "    </tr>\n",
       "    <tr>\n",
       "      <th>5540097</th>\n",
       "      <td>11:15:10</td>\n",
       "      <td>6.34</td>\n",
       "      <td>4100</td>\n",
       "      <td>2599400</td>\n",
       "      <td>sell</td>\n",
       "      <td>600919</td>\n",
       "      <td>2018-07-26</td>\n",
       "      <td>880000</td>\n",
       "      <td>178006059</td>\n",
       "      <td>0.014603</td>\n",
       "    </tr>\n",
       "    <tr>\n",
       "      <th>5540098</th>\n",
       "      <td>11:16:19</td>\n",
       "      <td>6.34</td>\n",
       "      <td>4386</td>\n",
       "      <td>2780724</td>\n",
       "      <td>sell</td>\n",
       "      <td>600919</td>\n",
       "      <td>2018-07-26</td>\n",
       "      <td>880000</td>\n",
       "      <td>178006059</td>\n",
       "      <td>0.015622</td>\n",
       "    </tr>\n",
       "    <tr>\n",
       "      <th>5540099</th>\n",
       "      <td>13:00:07</td>\n",
       "      <td>6.33</td>\n",
       "      <td>7951</td>\n",
       "      <td>5033869</td>\n",
       "      <td>sell</td>\n",
       "      <td>600919</td>\n",
       "      <td>2018-07-26</td>\n",
       "      <td>880000</td>\n",
       "      <td>178006059</td>\n",
       "      <td>0.028279</td>\n",
       "    </tr>\n",
       "    <tr>\n",
       "      <th>5540100</th>\n",
       "      <td>13:21:59</td>\n",
       "      <td>6.33</td>\n",
       "      <td>2500</td>\n",
       "      <td>1582500</td>\n",
       "      <td>sell</td>\n",
       "      <td>600919</td>\n",
       "      <td>2018-07-26</td>\n",
       "      <td>880000</td>\n",
       "      <td>178006059</td>\n",
       "      <td>0.008890</td>\n",
       "    </tr>\n",
       "    <tr>\n",
       "      <th>5540101</th>\n",
       "      <td>13:38:20</td>\n",
       "      <td>6.33</td>\n",
       "      <td>5000</td>\n",
       "      <td>3165000</td>\n",
       "      <td>sell</td>\n",
       "      <td>600919</td>\n",
       "      <td>2018-07-26</td>\n",
       "      <td>880000</td>\n",
       "      <td>178006059</td>\n",
       "      <td>0.017780</td>\n",
       "    </tr>\n",
       "    <tr>\n",
       "      <th>5540102</th>\n",
       "      <td>13:39:20</td>\n",
       "      <td>6.33</td>\n",
       "      <td>2000</td>\n",
       "      <td>1266000</td>\n",
       "      <td>buy</td>\n",
       "      <td>600919</td>\n",
       "      <td>2018-07-26</td>\n",
       "      <td>880000</td>\n",
       "      <td>178006059</td>\n",
       "      <td>0.007112</td>\n",
       "    </tr>\n",
       "    <tr>\n",
       "      <th>5540103</th>\n",
       "      <td>13:43:12</td>\n",
       "      <td>6.33</td>\n",
       "      <td>4041</td>\n",
       "      <td>2557913</td>\n",
       "      <td>buy</td>\n",
       "      <td>600919</td>\n",
       "      <td>2018-07-26</td>\n",
       "      <td>880000</td>\n",
       "      <td>178006059</td>\n",
       "      <td>0.014370</td>\n",
       "    </tr>\n",
       "    <tr>\n",
       "      <th>5540104</th>\n",
       "      <td>13:43:21</td>\n",
       "      <td>6.33</td>\n",
       "      <td>1392</td>\n",
       "      <td>881136</td>\n",
       "      <td>buy</td>\n",
       "      <td>600919</td>\n",
       "      <td>2018-07-26</td>\n",
       "      <td>880000</td>\n",
       "      <td>178006059</td>\n",
       "      <td>0.004950</td>\n",
       "    </tr>\n",
       "    <tr>\n",
       "      <th>5540105</th>\n",
       "      <td>13:43:27</td>\n",
       "      <td>6.33</td>\n",
       "      <td>1409</td>\n",
       "      <td>891897</td>\n",
       "      <td>buy</td>\n",
       "      <td>600919</td>\n",
       "      <td>2018-07-26</td>\n",
       "      <td>880000</td>\n",
       "      <td>178006059</td>\n",
       "      <td>0.005010</td>\n",
       "    </tr>\n",
       "    <tr>\n",
       "      <th>5540106</th>\n",
       "      <td>13:43:30</td>\n",
       "      <td>6.33</td>\n",
       "      <td>2286</td>\n",
       "      <td>1447038</td>\n",
       "      <td>buy</td>\n",
       "      <td>600919</td>\n",
       "      <td>2018-07-26</td>\n",
       "      <td>880000</td>\n",
       "      <td>178006059</td>\n",
       "      <td>0.008129</td>\n",
       "    </tr>\n",
       "    <tr>\n",
       "      <th>5540107</th>\n",
       "      <td>13:44:06</td>\n",
       "      <td>6.34</td>\n",
       "      <td>3352</td>\n",
       "      <td>2125256</td>\n",
       "      <td>buy</td>\n",
       "      <td>600919</td>\n",
       "      <td>2018-07-26</td>\n",
       "      <td>880000</td>\n",
       "      <td>178006059</td>\n",
       "      <td>0.011939</td>\n",
       "    </tr>\n",
       "    <tr>\n",
       "      <th>5540108</th>\n",
       "      <td>13:44:33</td>\n",
       "      <td>6.35</td>\n",
       "      <td>2001</td>\n",
       "      <td>1270635</td>\n",
       "      <td>buy</td>\n",
       "      <td>600919</td>\n",
       "      <td>2018-07-26</td>\n",
       "      <td>880000</td>\n",
       "      <td>178006059</td>\n",
       "      <td>0.007138</td>\n",
       "    </tr>\n",
       "    <tr>\n",
       "      <th>5540109</th>\n",
       "      <td>13:45:58</td>\n",
       "      <td>6.35</td>\n",
       "      <td>3002</td>\n",
       "      <td>1906270</td>\n",
       "      <td>buy</td>\n",
       "      <td>600919</td>\n",
       "      <td>2018-07-26</td>\n",
       "      <td>880000</td>\n",
       "      <td>178006059</td>\n",
       "      <td>0.010709</td>\n",
       "    </tr>\n",
       "    <tr>\n",
       "      <th>5540110</th>\n",
       "      <td>13:47:13</td>\n",
       "      <td>6.35</td>\n",
       "      <td>2137</td>\n",
       "      <td>1356995</td>\n",
       "      <td>sell</td>\n",
       "      <td>600919</td>\n",
       "      <td>2018-07-26</td>\n",
       "      <td>880000</td>\n",
       "      <td>178006059</td>\n",
       "      <td>0.007623</td>\n",
       "    </tr>\n",
       "    <tr>\n",
       "      <th>5540111</th>\n",
       "      <td>14:33:45</td>\n",
       "      <td>6.33</td>\n",
       "      <td>1900</td>\n",
       "      <td>1202700</td>\n",
       "      <td>sell</td>\n",
       "      <td>600919</td>\n",
       "      <td>2018-07-26</td>\n",
       "      <td>880000</td>\n",
       "      <td>178006059</td>\n",
       "      <td>0.006757</td>\n",
       "    </tr>\n",
       "    <tr>\n",
       "      <th>5540112</th>\n",
       "      <td>14:40:01</td>\n",
       "      <td>6.34</td>\n",
       "      <td>2000</td>\n",
       "      <td>1268000</td>\n",
       "      <td>buy</td>\n",
       "      <td>600919</td>\n",
       "      <td>2018-07-26</td>\n",
       "      <td>880000</td>\n",
       "      <td>178006059</td>\n",
       "      <td>0.007123</td>\n",
       "    </tr>\n",
       "    <tr>\n",
       "      <th>5540113</th>\n",
       "      <td>14:48:09</td>\n",
       "      <td>6.34</td>\n",
       "      <td>2201</td>\n",
       "      <td>1395434</td>\n",
       "      <td>buy</td>\n",
       "      <td>600919</td>\n",
       "      <td>2018-07-26</td>\n",
       "      <td>880000</td>\n",
       "      <td>178006059</td>\n",
       "      <td>0.007839</td>\n",
       "    </tr>\n",
       "    <tr>\n",
       "      <th>5540114</th>\n",
       "      <td>14:48:18</td>\n",
       "      <td>6.33</td>\n",
       "      <td>2500</td>\n",
       "      <td>1582500</td>\n",
       "      <td>sell</td>\n",
       "      <td>600919</td>\n",
       "      <td>2018-07-26</td>\n",
       "      <td>880000</td>\n",
       "      <td>178006059</td>\n",
       "      <td>0.008890</td>\n",
       "    </tr>\n",
       "  </tbody>\n",
       "</table>\n",
       "</div>"
      ],
      "text/plain": [
       "             time  price  volume   amount  type    code         day  \\\n",
       "5540084  09:45:39   6.38    1632  1040974  sell  600919  2018-07-26   \n",
       "5540085  09:53:32   6.38    1919  1224080  sell  600919  2018-07-26   \n",
       "5540086  09:55:20   6.38    2003  1277914  sell  600919  2018-07-26   \n",
       "5540087  09:55:56   6.38    1420   905718  sell  600919  2018-07-26   \n",
       "5540088  10:09:58   6.38    2062  1315314  sell  600919  2018-07-26   \n",
       "5540089  10:23:49   6.37    2191  1395667   buy  600919  2018-07-26   \n",
       "5540090  10:28:19   6.38    1594  1016972   buy  600919  2018-07-26   \n",
       "5540091  10:35:26   6.37    1404   894348  sell  600919  2018-07-26   \n",
       "5540092  10:46:59   6.36    5001  3180636  sell  600919  2018-07-26   \n",
       "5540093  10:53:48   6.35    2749  1745247  sell  600919  2018-07-26   \n",
       "5540094  10:54:42   6.34    3783  2397966  sell  600919  2018-07-26   \n",
       "5540095  10:55:00   6.34    1637  1038314   buy  600919  2018-07-26   \n",
       "5540096  11:13:24   6.35    4417  2804795  sell  600919  2018-07-26   \n",
       "5540097  11:15:10   6.34    4100  2599400  sell  600919  2018-07-26   \n",
       "5540098  11:16:19   6.34    4386  2780724  sell  600919  2018-07-26   \n",
       "5540099  13:00:07   6.33    7951  5033869  sell  600919  2018-07-26   \n",
       "5540100  13:21:59   6.33    2500  1582500  sell  600919  2018-07-26   \n",
       "5540101  13:38:20   6.33    5000  3165000  sell  600919  2018-07-26   \n",
       "5540102  13:39:20   6.33    2000  1266000   buy  600919  2018-07-26   \n",
       "5540103  13:43:12   6.33    4041  2557913   buy  600919  2018-07-26   \n",
       "5540104  13:43:21   6.33    1392   881136   buy  600919  2018-07-26   \n",
       "5540105  13:43:27   6.33    1409   891897   buy  600919  2018-07-26   \n",
       "5540106  13:43:30   6.33    2286  1447038   buy  600919  2018-07-26   \n",
       "5540107  13:44:06   6.34    3352  2125256   buy  600919  2018-07-26   \n",
       "5540108  13:44:33   6.35    2001  1270635   buy  600919  2018-07-26   \n",
       "5540109  13:45:58   6.35    3002  1906270   buy  600919  2018-07-26   \n",
       "5540110  13:47:13   6.35    2137  1356995  sell  600919  2018-07-26   \n",
       "5540111  14:33:45   6.33    1900  1202700  sell  600919  2018-07-26   \n",
       "5540112  14:40:01   6.34    2000  1268000   buy  600919  2018-07-26   \n",
       "5540113  14:48:09   6.34    2201  1395434   buy  600919  2018-07-26   \n",
       "5540114  14:48:18   6.33    2500  1582500  sell  600919  2018-07-26   \n",
       "\n",
       "         large_amount_threshold  day_amount  amount_pct  \n",
       "5540084                  880000   178006059    0.005848  \n",
       "5540085                  880000   178006059    0.006877  \n",
       "5540086                  880000   178006059    0.007179  \n",
       "5540087                  880000   178006059    0.005088  \n",
       "5540088                  880000   178006059    0.007389  \n",
       "5540089                  880000   178006059    0.007841  \n",
       "5540090                  880000   178006059    0.005713  \n",
       "5540091                  880000   178006059    0.005024  \n",
       "5540092                  880000   178006059    0.017868  \n",
       "5540093                  880000   178006059    0.009804  \n",
       "5540094                  880000   178006059    0.013471  \n",
       "5540095                  880000   178006059    0.005833  \n",
       "5540096                  880000   178006059    0.015757  \n",
       "5540097                  880000   178006059    0.014603  \n",
       "5540098                  880000   178006059    0.015622  \n",
       "5540099                  880000   178006059    0.028279  \n",
       "5540100                  880000   178006059    0.008890  \n",
       "5540101                  880000   178006059    0.017780  \n",
       "5540102                  880000   178006059    0.007112  \n",
       "5540103                  880000   178006059    0.014370  \n",
       "5540104                  880000   178006059    0.004950  \n",
       "5540105                  880000   178006059    0.005010  \n",
       "5540106                  880000   178006059    0.008129  \n",
       "5540107                  880000   178006059    0.011939  \n",
       "5540108                  880000   178006059    0.007138  \n",
       "5540109                  880000   178006059    0.010709  \n",
       "5540110                  880000   178006059    0.007623  \n",
       "5540111                  880000   178006059    0.006757  \n",
       "5540112                  880000   178006059    0.007123  \n",
       "5540113                  880000   178006059    0.007839  \n",
       "5540114                  880000   178006059    0.008890  "
      ]
     },
     "execution_count": 17,
     "metadata": {},
     "output_type": "execute_result"
    }
   ],
   "source": [
    "import tushare as ts\n",
    "import pandas as pd\n",
    "import numpy as np\n",
    "import matplotlib.pyplot as plt\n",
    "import utils\n",
    "import os\n",
    "import datetime\n",
    "\n",
    "\n",
    "stocks = [\n",
    "    '601006',\n",
    "    '600919',\n",
    "    '601328',\n",
    "    '600027',\n",
    "    '600115',\n",
    "    '603260',\n",
    "    '600023',\n",
    "    '600521',\n",
    "    '600332',\n",
    "    '600030',\n",
    "    '600027',\n",
    "    '600256',\n",
    "    '600219',\n",
    "    '600660',\n",
    "    '601628',\n",
    "    '600011',\n",
    "    '603260',\n",
    "    '601333',\n",
    "    '601919',\n",
    "    '601688',\n",
    "    '600890',\n",
    "    '600276',\n",
    "    '600219',\n",
    "    '300233',\n",
    "    '300236',\n",
    "    '300122',\n",
    "    '002294',\n",
    "    '002450',\n",
    "    '000333',\n",
    "    '01333',\n",
    "    '06030'\n",
    "]\n",
    "\n",
    "\n",
    "file_path = \"/home/cloud001/ly/mygithub/stock/data/trading/history/day/tracking_trading_day_model002.csv\"\n",
    "df_raw = pd.read_csv(file_path)\n",
